  -1092.5722274767636
  -1074.5057570765516
  -1068.0083118465504
  -1079.8218155793834
  -1080.4875443893793
  -1072.7944998962416
  -1066.3403892453746
  -1071.9485697829889
  -1068.0397323175141
  -1074.0963407336849
  -1074.1751450735746
  -1073.3048468838504
  -1056.7846012640171
  -1078.8194473838410
  -1072.5354968883007
  -1071.4810183496522
  -1071.6503841699173
  -1062.8712061336580
  -1059.6003988270313
  -1055.9436043138824
  -1060.5272590042068
  -1058.6626651552060
  -1072.9545268750630
  -1096.1608101434124
  -1096.1157803694639
